A3 witness report
found = True
first_depth = 34
unique_witnesses = 1
total_hits = 1
witness_depth_histogram = {34: 1}

Witness #1
depth = 34
blocks = [[-1, -3], [1, -2, -1], [2, -3, -2], [1, -2, -1], [1, 2, -3, -2, -1], [2, -3, -2], [1, -2, -1], [-2], [-1], [1, -2, -1], [-2, 1, 2, -3, -2, -1], [-3, -2], [-1, -3], [1, 2, -3, -2, -1], [2, -3, -2], [-1, -3], [-2, -1], [-2, -1], [-2, 1, 2, -3, -2, -1], [2, -3, -2], [1, -2, -1], [1, 2, -3, -2, -1], [-3], [1, -2, -1], [-2, 1, 2, -3, -2, -1], [2, -3, -2, -1], [-1, -3], [-2], [2, -3, -2], [-1, -3], [-3, 1, -2, -1], [-3, 1, -2, -1], [-3, -2], [-1, -3]]
flat = [-1, -3, 1, -2, -1, 2, -3, -2, 1, -2, -1, 1, 2, -3, -2, -1, 2, -3, -2, 1, -2, -1, -2, -1, 1, -2, -1, -2, 1, 2, -3, -2, -1, -3, -2, -1, -3, 1, 2, -3, -2, -1, 2, -3, -2, -1, -3, -2, -1, -2, -1, -2, 1, 2, -3, -2, -1, 2, -3, -2, 1, -2, -1, 1, 2, -3, -2, -1, -3, 1, -2, -1, -2, 1, 2, -3, -2, -1, 2, -3, -2, -1, -1, -3, -2, 2, -3, -2, -1, -3, -3, 1, -2, -1, -3, 1, -2, -1, -3, -2, -1, -3]

