A3 manual witness log
status = running
started_at = 2026-03-10T02:09:06.923989-04:00
host = a1128u05n01.mghpcc.ycrc.yale.edu
modulus = 5
base_point = 1
cap = 300000
total_cap = 1500000
first_steps = 12
max_g_length = 100
seed = 0

Witness #1
depth = 34
blocks = [[-1, -3], [-1, -3], [-3, -2], [-3, 1, -2, -1], [-3, 1, -2, -1], [-1, -3], [2, -3, -2], [-2], [-1, -3], [2, -3, -2, -1], [-2, 1, 2, -3, -2, -1], [1, -2, -1], [-3], [1, 2, -3, -2, -1], [1, -2, -1], [2, -3, -2], [-2, 1, 2, -3, -2, -1], [-2, -1], [-2, -1], [-1, -3], [2, -3, -2], [1, 2, -3, -2, -1], [-1, -3], [-3, -2], [-2, 1, 2, -3, -2, -1], [1, -2, -1], [-1], [-2], [1, -2, -1], [2, -3, -2], [1, 2, -3, -2, -1], [1, -2, -1], [2, -3, -2], [1, -2, -1]]
flat = [-1, -3, -1, -3, -3, -2, -3, 1, -2, -1, -3, 1, -2, -1, -1, -3, 2, -3, -2, -2, -1, -3, 2, -3, -2, -1, -2, 1, 2, -3, -2, -1, 1, -2, -1, -3, 1, 2, -3, -2, -1, 1, -2, -1, 2, -3, -2, -2, 1, 2, -3, -2, -1, -2, -1, -2, -1, -1, -3, 2, -3, -2, 1, 2, -3, -2, -1, -1, -3, -3, -2, -2, 1, 2, -3, -2, -1, 1, -2, -1, -1, -2, 1, -2, -1, 2, -3, -2, 1, 2, -3, -2, -1, 1, -2, -1, 2, -3, -2, 1, -2, -1]

Final summary
status = completed
found = True
first_depth = 34
unique_witnesses = 1
total_hits = 1
witness_depth_histogram = {34: 1}
